976
574 229
386 618
56 695
167 172
254 39
419 103
75 30
86 145
8 6
174 459
216 376
411 475
129 77
13 830
551 374
491 11
140 127
470 16
593 192
11 2
155 123
550 16
773 132
145 208
5 3
21 135
261 724
780 802
56 324
360 244
112 228
588 796
818 932
64 755
520 734
119 310
27 402
812 875
878 596
812 180
265 222
132 393
251 6
358 531
153 38
257 193
77 31
770 481
727 497
794 414
106 34
80 880
204 10
968 877
437 649
556 206
271 434
53 17
616 777
371 967
14 12
28 119
45 42
260 155
259 231
33 115
944 711
711 499
234 129
153 309
70 473
849 938
466 696
56 427
151 308
358 281
874 905
705 914
189 553
315 41
316 246
763 585
67 910
22 472
278 181
177 567
35 3
885 117
848 795
418 650
165 739
655 654
380 349
83 133
371 360
276 215
28 164
965 526
912 420
507 466
497 270
69 58
840 251
208 261
395 694
586 200
211 395
357 97
471 364
379 112
116 79
142 107
43 732
99 12
88 75
456 927
852 611
681 72
597 64
607 825
64 112
369 119
714 341
135 144
540 410
33 19
395 545
324 520
181 201
180 487
860 257
615 679
403 572
573 24
404 454
587 229
702 62
87 123
468 36
494 517
95 750
48 91
853 562
169 52
534 152
53 64
29 220
183 937
934 215
917 456
486 642
6 7
262 346
98 24
46 243
36 182
657 916
603 395
68 216
238 279
492 74
23 25
97 669
272 368
158 134
453 297
629 488
669 827
666 137
476 116
31 264
286 855
205 6
392 285
757 685
253 237
27 121
2 47
361 235
455 437
164 484
661 214
217 94
546 158
596 165
356 527
911 652
745 500
211 10
17 296
903 284
97 873
818 399
464 171
921 624
640 956
13 11
314 265
444 110
223 101
59 641
926 305
110 720
61 47
222 250
252 45
120 113
235 37
133 244
312 338
746 201
948 210
299 188
717 640
728 379
500 509
890 134
77 532
384 142
22 400
96 199
879 830
230 226
742 625
692 735
59 63
114 272
90 186
44 634
378 277
125 98
790 301
709 296
859 119
347 114
196 207
615 918
176 174
687 224
6 662
670 33
479 960
240 610
183 133
819 889
148 177
640 947
480 98
46 45
457 48
555 445
584 128
32 110
708 528
709 797
438 908
390 281
505 621
961 58
842 440
81 202
641 838
575 656
283 72
623 51
19 227
10 138
521 705
417 134
36 332
423 611
119 267
85 263
704 65
514 930
672 870
144 542
554 220
819 375
196 317
971 752
266 731
823 606
771 928
594 335
113 21
890 936
617 417
494 348
97 85
333 370
69 105
24 214
79 77
589 336
816 172
40 19
363 199
101 224
826 636
13 18
388 352
68 65
234 448
55 100
302 940
15 32
570 891
21 19
703 341
114 51
428 77
242 387
70 14
261 394
124 753
208 846
972 570
164 354
303 117
635 249
77 247
867 27
280 171
760 9
706 562
524 486
869 258
34 39
628 492
766 279
95 313
533 387
80 74
344 200
239 969
931 718
723 569
775 267
62 300
834 943
406 478
201 245
326 504
216 405
49 1
3 37
26 15
856 358
426 749
325 456
39 238
134 54
689 309
396 549
288 424
169 307
72 87
105 644
33 350
935 317
53 94
85 2
592 324
510 136
572 701
959 642
469 951
362 90
722 434
141 933
332 439
757 863
464 841
115 697
604 929
485 600
327 449
939 309
619 309
721 793
606 317
800 44
16 539
67 24
430 256
3 23
822 362
93 70
411 436
71 95
60 391
386 406
815 786
771 766
323 189
772 462
752 128
291 236
445 139
892 467
925 672
570 503
499 792
58 367
508 273
147 90
34 3
5 48
461 544
957 377
523 260
59 511
124 60
135 820
241 182
403 177
72 150
314 901
884 684
859 949
424 615
206 5
440 682
48 52
481 227
226 397
14 212
2 305
412 288
276 515
801 214
92 337
123 595
112 458
331 227
157 129
71 12
539 605
141 14
224 372
39 41
160 54
124 386
94 103
736 552
312 220
6 27
218 217
89 538
236 165
13 111
837 576
590 189
60 348
125 685
419 521
810 580
585 72
513 105
43 27
116 675
298 340
399 490
612 330
329 252
73 20
576 481
61 738
843 490
317 922
162 575
732 877
128 50
237 321
698 100
162 1
409 50
80 286
924 631
325 90
814 663
772 970
518 781
184 185
304 976
64 175
9 72
177 522
876 378
269 616
448 461
266 765
541 332
130 578
853 913
776 21
61 663
345 501
4 1
35 396
561 190
645 325
172 529
115 975
275 12
44 51
128 198
129 139
311 267
83 29
679 898
341 322
16 15
612 811
44 31
200 66
196 743
596 806
465 314
34 86
598 202
161 318
134 411
180 137
349 674
75 485
134 469
614 520
440 317
270 364
807 739
626 96
58 132
693 578
368 726
489 273
374 119
607 469
651 381
547 677
382 147
103 225
401 108
442 359
559 56
217 791
246 231
516 120
716 27
630 249
316 808
354 438
421 149
122 51
235 502
354 526
699 645
496 503
22 181
207 764
273 88
512 324
625 769
786 493
966 474
402 962
170 375
152 130
547 609
605 707
176 233
373 248
564 217
188 193
6 525
52 222
170 577
633 339
512 902
192 25
813 302
868 270
12 8
15 12
101 5
24 66
14 195
351 320
416 224
282 48
872 893
680 81
672 508
50 74
34 60
171 82
237 255
88 104
748 444
156 116
613 590
782 379
433 65
604 328
118 366
92 221
102 355
836 630
52 864
562 47
429 751
785 260
441 861
175 425
226 104
530 445
60 107
778 764
432 11
507 872
6 57
896 576
186 919
571 258
145 258
58 187
828 213
62 163
187 514
817 7
779 458
683 267
829 653
463 288
849 112
262 58
493 581
780 88
228 601
554 850
44 528
343 7
166 88
676 467
292 214
519 144
127 349
684 520
30 29
566 516
389 415
152 326
263 377
488 809
429 130
159 142
203 35
495 264
31 102
32 58
15 758
266 31
958 157
866 126
319 120
90 24
710 579
215 190
759 566
296 909
426 506
406 437
137 59
690 312
668 434
576 882
190 12
886 257
839 265
174 6
39 54
945 47
126 49
17 89
591 671
31 19
834 288
288 733
291 795
319 652
81 57
952 366
107 248
657 583
907 774
285 97
1 2
756 655
157 330
19 306
38 84
319 359
423 185
257 543
113 274
347 625
45 887
29 36
493 417
974 51
178 78
327 317
560 321
75 851
488 198
353 744
154 320
536 399
271 17
231 57
484 599
725 845
65 761
197 565
579 507
393 500
403 747
435 242
725 315
700 429
294 821
719 157
239 196
164 741
721 210
226 288
191 61
831 760
904 824
300 712
40 184
336 118
158 450
946 404
297 76
6 486
742 871
272 638
267 832
352 323
906 368
740 554
558 181
406 413
788 597
399 158
580 888
505 331
643 438
596 660
108 105
713 615
27 55
881 199
1 10
5 82
295 658
170 194
304 83
435 537
15 42
266 955
240 805
240 920
692 473
308 407
383 193
143 767
212 654
240 128
499 139
6 1
452 221
78 5
90 209
854 474
49 691
70 219
237 179
587 653
335 308
37 148
115 284
356 72
499 620
548 538
237 667
87 277
420 372
102 165
426 182
39 953
358 441
87 136
22 14
123 127
569 58
37 665
229 33
602 19
100 293
232 218
754 313
201 210
591 590
42 173
659 233
38 32
10 96
7 62
381 19
824 694
467 416
408 568
42 65
66 188
784 384
104 118
9 2
304 833
104 339
24 56
289 365
287 270
151 13
915 330
59 42
359 482
2 3
263 608
431 339
196 171
21 29
108 447
404 844
768 124
342 140
220 268
170 90
780 803
328 163
941 26
76 858
50 10
622 449
83 179
767 973
660 883
639 177
259 895
627 427
109 82
154 35
9 28
46 422
396 874
254 964
769 862
168 146
85 636
404 190
446 311
333 323
228 474
580 550
774 157
147 798
403 624
149 213
950 492
23 552
729 430
130 67
185 648
466 161
477 427
117 90
678 448
149 167
128 161
894 315
51 847
12 302
17 16
212 496
122 334
414 361
506 547
407 460
804 65
49 76
46 637
19 281
632 72
24 18
417 418
664 164
166 189
414 498
420 688
353 195
142 197
647 762
583 280
179 322
116 131
857 4
216 269
5 301
518 143
73 143
242 33
389 118
899 304
730 117
282 737
389 557
588 339
