1 4
33 4
48 4
53 4
55 4
64 6
65 4
83 4
89 4
92 8
93 6
94 4
109 4
119 4
121 4
138 4
151 4
169 8
170 6
171 4
184 4
196 4
198 4
205 4
209 4
231 4
241 4
244 4
252 6
253 4
282 4
285 4
308 6
309 4
377 4
401 4
408 4
424 6
425 4
433 4
444 12
445 10
446 8
447 6
448 4
455 4
466 4
469 4
480 4
483 6
484 4
486 4
494 12
495 10
496 8
497 6
498 4
535 4
544 4
555 4
567 4
591 10
592 8
593 6
594 4
657 6
658 4
688 4
706 4
714 4
729 4
754 6
755 4
767 4
770 4
806 4
814 4
822 4
865 4
892 4
903 6
904 4
910 4
922 4
937 4
937 6
938 4
938 6
939 4
940 4
949 4
977 6
978 4
989 4
995 4
